0 0.687500 0.150838 0.687500 0.162011 0.690625 0.167598 0.806250 0.167598 0.809375 0.162011 0.809375 0.145251 0.812500 0.139665 0.812500 0.111732 0.809375 0.106145 0.809375 0.089385 0.806250 0.078212 0.790625 0.055866 0.740625 0.055866 0.721875 0.072626 0.715625 0.094972
0 0.540625 0.106145 0.537500 0.094972 0.525000 0.089385 0.521875 0.083799 0.465625 0.089385 0.462500 0.094972 0.453125 0.094972 0.440625 0.111732 0.437500 0.111732 0.434375 0.122905 0.434375 0.139665 0.453125 0.145251 0.459375 0.162011 0.465625 0.156425 0.475000 0.156425 0.478125 0.162011 0.481250 0.156425 0.534375 0.156425 0.537500 0.150838 0.537500 0.122905 0.540625 0.117318
0 0.000000 0.167598 0.000000 0.195531 0.003125 0.201117 0.003125 0.212291 0.090625 0.212291 0.093750 0.217877 0.115625 0.217877 0.118750 0.223464 0.290625 0.223464 0.300000 0.212291 0.309375 0.212291 0.312500 0.206704 0.331250 0.206704 0.334375 0.212291 0.343750 0.212291 0.365625 0.240223 0.393750 0.240223 0.396875 0.234637 0.406250 0.234637 0.409375 0.240223 0.412500 0.234637 0.425000 0.229050 0.437500 0.201117 0.437500 0.178771 0.431250 0.178771 0.428125 0.173184 0.415625 0.173184 0.412500 0.167598 0.396875 0.167598 0.393750 0.173184 0.387500 0.167598 0.381250 0.173184 0.375000 0.173184 0.371875 0.167598 0.346875 0.167598 0.343750 0.162011 0.334375 0.162011 0.321875 0.150838 0.296875 0.145251 0.293750 0.139665 0.200000 0.139665 0.196875 0.145251 0.156250 0.145251 0.153125 0.150838 0.109375 0.150838 0.106250 0.145251 0.087500 0.145251 0.084375 0.150838 0.059375 0.156425 0.056250 0.162011 0.006250 0.162011
0 0.000000 0.094972 0.000000 0.100559 0.015625 0.122905 0.015625 0.145251 0.012500 0.150838 0.050000 0.156425 0.053125 0.150838 0.065625 0.150838 0.075000 0.139665 0.121875 0.139665 0.125000 0.145251 0.150000 0.145251 0.153125 0.139665 0.181250 0.139665 0.184375 0.134078 0.196875 0.134078 0.215625 0.117318 0.218750 0.106145 0.218750 0.072626 0.215625 0.067039 0.190625 0.067039 0.187500 0.072626 0.178125 0.072626 0.175000 0.078212 0.150000 0.078212 0.137500 0.067039 0.121875 0.067039 0.118750 0.061453 0.078125 0.061453 0.075000 0.067039 0.062500 0.067039 0.059375 0.072626 0.028125 0.072626 0.025000 0.078212 0.006250 0.083799
0 0.000000 0.318436 0.000000 0.418994 0.021875 0.418994 0.025000 0.424581 0.040625 0.424581 0.043750 0.430168 0.062500 0.430168 0.075000 0.441341 0.090625 0.441341 0.100000 0.452514 0.156250 0.452514 0.159375 0.446927 0.168750 0.446927 0.171875 0.452514 0.193750 0.452514 0.196875 0.446927 0.240625 0.446927 0.243750 0.441341 0.271875 0.441341 0.278125 0.435754 0.281250 0.441341 0.287500 0.441341 0.296875 0.458101 0.312500 0.458101 0.315625 0.463687 0.325000 0.463687 0.328125 0.469274 0.384375 0.469274 0.387500 0.474860 0.434375 0.480447 0.437500 0.486034 0.446875 0.486034 0.450000 0.491620 0.478125 0.491620 0.481250 0.497207 0.490625 0.497207 0.493750 0.491620 0.506250 0.491620 0.512500 0.486034 0.515625 0.491620 0.534375 0.497207 0.537500 0.502793 0.559375 0.502793 0.568750 0.513966 0.593750 0.513966 0.596875 0.519553 0.603125 0.519553 0.606250 0.513966 0.609375 0.519553 0.621875 0.519553 0.625000 0.525140 0.634375 0.525140 0.637500 0.530726 0.656250 0.530726 0.659375 0.536313 0.706250 0.536313 0.709375 0.541899 0.721875 0.541899 0.725000 0.547486 0.734375 0.541899 0.737500 0.547486 0.753125 0.530726 0.753125 0.491620 0.734375 0.474860 0.700000 0.469274 0.690625 0.458101 0.675000 0.452514 0.665625 0.441341 0.659375 0.441341 0.656250 0.446927 0.653125 0.441341 0.640625 0.441341 0.637500 0.435754 0.625000 0.441341 0.615625 0.430168 0.606250 0.430168 0.603125 0.435754 0.587500 0.435754 0.584375 0.441341 0.531250 0.435754 0.528125 0.441341 0.512500 0.441341 0.509375 0.446927 0.487500 0.452514 0.478125 0.463687 0.456250 0.463687 0.443750 0.474860 0.428125 0.474860 0.403125 0.435754 0.403125 0.424581 0.396875 0.424581 0.365625 0.391061 0.350000 0.391061 0.346875 0.385475 0.340625 0.391061 0.331250 0.391061 0.328125 0.385475 0.318750 0.385475 0.315625 0.379888 0.293750 0.379888 0.290625 0.374302 0.256250 0.368715 0.246875 0.357542 0.237500 0.357542 0.234375 0.351955 0.218750 0.351955 0.215625 0.346369 0.203125 0.346369 0.200000 0.340782 0.165625 0.340782 0.162500 0.346369 0.153125 0.340782 0.150000 0.346369 0.140625 0.346369 0.131250 0.335196 0.109375 0.335196 0.106250 0.329609 0.065625 0.329609 0.062500 0.324022 0.040625 0.324022 0.037500 0.318436
0 0.000000 0.430168 0.000000 0.564246 0.025000 0.558659 0.028125 0.564246 0.046875 0.569832 0.050000 0.575419 0.059375 0.575419 0.062500 0.581006 0.071875 0.569832 0.078125 0.569832 0.090625 0.586592 0.096875 0.581006 0.109375 0.581006 0.121875 0.592179 0.137500 0.592179 0.140625 0.586592 0.150000 0.586592 0.153125 0.581006 0.165625 0.586592 0.168750 0.592179 0.187500 0.592179 0.190625 0.586592 0.200000 0.586592 0.203125 0.592179 0.234375 0.592179 0.237500 0.586592 0.256250 0.586592 0.259375 0.592179 0.271875 0.597765 0.293750 0.642458 0.318750 0.664804 0.325000 0.659218 0.328125 0.664804 0.337500 0.664804 0.346875 0.675978 0.368750 0.675978 0.371875 0.681564 0.387500 0.681564 0.390625 0.687151 0.421875 0.687151 0.425000 0.681564 0.434375 0.681564 0.443750 0.670391 0.468750 0.670391 0.481250 0.659218 0.490625 0.642458 0.500000 0.636872 0.509375 0.603352 0.509375 0.592179 0.503125 0.575419 0.496875 0.575419 0.493750 0.569832 0.478125 0.569832 0.475000 0.564246 0.462500 0.564246 0.450000 0.547486 0.446875 0.553073 0.440625 0.547486 0.428125 0.553073 0.418750 0.541899 0.400000 0.541899 0.390625 0.530726 0.353125 0.525140 0.346875 0.513966 0.346875 0.502793 0.340625 0.497207 0.331250 0.497207 0.328125 0.491620 0.315625 0.491620 0.303125 0.480447 0.278125 0.474860 0.271875 0.469274 0.265625 0.452514 0.234375 0.452514 0.231250 0.458101 0.212500 0.458101 0.206250 0.452514 0.203125 0.458101 0.150000 0.458101 0.146875 0.463687 0.100000 0.463687 0.090625 0.452514 0.078125 0.452514 0.065625 0.441341 0.046875 0.441341 0.043750 0.435754 0.034375 0.435754 0.031250 0.430168 0.006250 0.430168 0.003125 0.424581
0 0.571875 0.318436 0.596875 0.340782 0.603125 0.340782 0.606250 0.335196 0.668750 0.335196 0.671875 0.340782 0.681250 0.340782 0.684375 0.335196 0.693750 0.335196 0.696875 0.340782 0.700000 0.335196 0.715625 0.335196 0.718750 0.340782 0.725000 0.340782 0.731250 0.351955 0.731250 0.368715 0.734375 0.379888 0.746875 0.391061 0.756250 0.391061 0.759375 0.396648 0.768750 0.396648 0.771875 0.402235 0.784375 0.402235 0.793750 0.413408 0.800000 0.413408 0.812500 0.424581 0.831250 0.424581 0.834375 0.430168 0.850000 0.430168 0.853125 0.435754 0.859375 0.435754 0.871875 0.458101 0.871875 0.480447 0.856250 0.508380 0.853125 0.525140 0.859375 0.519553 0.868750 0.519553 0.881250 0.508380 0.893750 0.508380 0.896875 0.502793 0.915625 0.502793 0.918750 0.497207 0.953125 0.491620 0.978125 0.469274 0.987500 0.446927 0.987500 0.407821 0.981250 0.402235 0.971875 0.402235 0.968750 0.396648 0.940625 0.396648 0.937500 0.402235 0.928125 0.402235 0.925000 0.396648 0.915625 0.396648 0.912500 0.391061 0.903125 0.391061 0.900000 0.385475 0.884375 0.385475 0.868750 0.368715 0.862500 0.368715 0.843750 0.351955 0.837500 0.329609 0.831250 0.318436 0.821875 0.318436 0.818750 0.312849 0.800000 0.312849 0.796875 0.318436 0.793750 0.312849 0.781250 0.312849 0.778125 0.318436 0.768750 0.318436 0.765625 0.312849 0.756250 0.312849 0.753125 0.307263 0.718750 0.307263 0.715625 0.301676 0.712500 0.307263 0.706250 0.307263 0.703125 0.301676 0.631250 0.301676 0.628125 0.307263 0.621875 0.307263 0.618750 0.301676 0.615625 0.307263 0.590625 0.307263 0.587500 0.312849 0.575000 0.312849
0 0.543750 0.128492 0.546875 0.134078 0.546875 0.156425 0.637500 0.156425 0.640625 0.150838 0.653125 0.150838 0.659375 0.145251 0.678125 0.111732 0.678125 0.100559 0.675000 0.094972 0.665625 0.094972 0.662500 0.089385 0.659375 0.094972 0.656250 0.089385 0.637500 0.083799 0.625000 0.061453 0.621875 0.050279 0.587500 0.050279 0.584375 0.055866 0.578125 0.055866 0.565625 0.067039 0.546875 0.106145
0 0.000000 0.229050 0.000000 0.301676 0.006250 0.301676 0.009375 0.307263 0.037500 0.307263 0.040625 0.312849 0.056250 0.312849 0.059375 0.318436 0.090625 0.318436 0.093750 0.324022 0.106250 0.324022 0.109375 0.318436 0.112500 0.324022 0.131250 0.324022 0.143750 0.335196 0.178125 0.335196 0.181250 0.329609 0.187500 0.329609 0.190625 0.335196 0.209375 0.335196 0.212500 0.340782 0.246875 0.346369 0.259375 0.357542 0.275000 0.357542 0.278125 0.363128 0.293750 0.363128 0.296875 0.368715 0.312500 0.368715 0.315625 0.374302 0.328125 0.368715 0.334375 0.379888 0.346875 0.368715 0.350000 0.374302 0.359375 0.374302 0.381250 0.402235 0.403125 0.418994 0.406250 0.430168 0.425000 0.458101 0.434375 0.458101 0.437500 0.463687 0.443750 0.458101 0.459375 0.458101 0.462500 0.452514 0.471875 0.452514 0.475000 0.446927 0.487500 0.446927 0.500000 0.435754 0.515625 0.435754 0.518750 0.430168 0.590625 0.430168 0.593750 0.424581 0.606250 0.424581 0.631250 0.402235 0.634375 0.391061 0.634375 0.374302 0.628125 0.363128 0.590625 0.351955 0.575000 0.329609 0.562500 0.318436 0.556250 0.318436 0.550000 0.307263 0.531250 0.301676 0.518750 0.290503 0.506250 0.268156 0.503125 0.268156 0.493750 0.245810 0.493750 0.240223 0.487500 0.240223 0.484375 0.234637 0.478125 0.240223 0.468750 0.240223 0.465625 0.245810 0.396875 0.245810 0.393750 0.251397 0.362500 0.251397 0.359375 0.245810 0.328125 0.245810 0.325000 0.240223 0.306250 0.245810 0.303125 0.240223 0.287500 0.240223 0.284375 0.234637 0.215625 0.234637 0.212500 0.229050 0.159375 0.229050 0.156250 0.234637 0.125000 0.234637 0.121875 0.229050 0.090625 0.229050 0.087500 0.223464 0.006250 0.223464
0 0.434375 0.223464 0.434375 0.234637 0.459375 0.234637 0.462500 0.229050 0.493750 0.229050 0.509375 0.251397 0.509375 0.262570 0.512500 0.268156 0.543750 0.296089 0.581250 0.296089 0.584375 0.290503 0.618750 0.290503 0.621875 0.284916 0.656250 0.284916 0.659375 0.290503 0.681250 0.290503 0.684375 0.296089 0.690625 0.296089 0.693750 0.290503 0.700000 0.290503 0.703125 0.296089 0.753125 0.296089 0.778125 0.268156 0.784375 0.268156 0.787500 0.262570 0.800000 0.262570 0.803125 0.256983 0.812500 0.256983 0.815625 0.262570 0.859375 0.262570 0.875000 0.290503 0.906250 0.318436 0.912500 0.318436 0.925000 0.329609 0.990625 0.329609 0.993750 0.324022 0.993750 0.307263 0.996875 0.301676 0.996875 0.251397 0.968750 0.229050 0.962500 0.217877 0.959375 0.217877 0.950000 0.195531 0.937500 0.184358 0.921875 0.184358 0.918750 0.178771 0.906250 0.178771 0.903125 0.173184 0.837500 0.173184 0.834375 0.167598 0.825000 0.167598 0.821875 0.173184 0.800000 0.173184 0.796875 0.178771 0.765625 0.178771 0.762500 0.173184 0.759375 0.178771 0.737500 0.178771 0.734375 0.173184 0.728125 0.178771 0.700000 0.178771 0.696875 0.173184 0.687500 0.173184 0.684375 0.167598 0.575000 0.167598 0.571875 0.173184 0.565625 0.167598 0.559375 0.173184 0.553125 0.173184 0.550000 0.167598 0.462500 0.167598 0.459375 0.173184 0.446875 0.173184 0.440625 0.195531 0.440625 0.206704
0 0.753125 0.301676 0.753125 0.307263 0.762500 0.307263 0.765625 0.312849 0.787500 0.312849 0.790625 0.318436 0.809375 0.318436 0.812500 0.312849 0.825000 0.312849 0.828125 0.318436 0.834375 0.318436 0.840625 0.340782 0.853125 0.357542 0.859375 0.357542 0.868750 0.368715 0.875000 0.368715 0.887500 0.379888 0.903125 0.379888 0.906250 0.385475 0.915625 0.385475 0.918750 0.391061 0.975000 0.391061 0.975000 0.379888 0.978125 0.374302 0.978125 0.357542 0.971875 0.340782 0.959375 0.340782 0.956250 0.335196 0.953125 0.340782 0.934375 0.340782 0.931250 0.335196 0.921875 0.335196 0.918750 0.329609 0.903125 0.324022 0.871875 0.296089 0.865625 0.284916 0.865625 0.279330 0.856250 0.268156 0.840625 0.268156 0.837500 0.273743 0.831250 0.273743 0.828125 0.268156 0.793750 0.268156 0.790625 0.273743 0.775000 0.279330
0 0.428125 0.067039 0.421875 0.055866 0.378125 0.055866 0.359375 0.072626 0.278125 0.072626 0.265625 0.083799 0.253125 0.106145 0.253125 0.128492 0.278125 0.128492 0.281250 0.134078 0.300000 0.134078 0.303125 0.139665 0.315625 0.139665 0.318750 0.145251 0.328125 0.145251 0.331250 0.150838 0.353125 0.150838 0.362500 0.139665 0.387500 0.134078 0.400000 0.156425 0.403125 0.156425 0.421875 0.139665 0.421875 0.134078 0.428125 0.128492 0.428125 0.111732 0.425000 0.106145
0 0.325000 0.480447 0.325000 0.486034 0.334375 0.486034 0.346875 0.497207 0.356250 0.519553 0.371875 0.519553 0.375000 0.525140 0.396875 0.525140 0.406250 0.536313 0.421875 0.536313 0.425000 0.541899 0.434375 0.541899 0.437500 0.547486 0.453125 0.541899 0.465625 0.558659 0.503125 0.564246 0.512500 0.581006 0.512500 0.614525 0.506250 0.636872 0.484375 0.670391 0.471875 0.675978 0.468750 0.681564 0.459375 0.681564 0.456250 0.687151 0.443750 0.687151 0.437500 0.692737 0.437500 0.698324 0.443750 0.698324 0.446875 0.703911 0.459375 0.703911 0.462500 0.698324 0.512500 0.698324 0.518750 0.703911 0.531250 0.726257 0.537500 0.748603 0.534375 0.754190 0.534375 0.770950 0.531250 0.776536 0.534375 0.787709 0.528125 0.793296 0.528125 0.798883 0.521875 0.810056 0.518750 0.810056 0.521875 0.821229 0.537500 0.837989 0.543750 0.837989 0.546875 0.849162 0.553125 0.854749 0.578125 0.854749 0.581250 0.860335 0.584375 0.854749 0.590625 0.860335 0.593750 0.854749 0.637500 0.854749 0.640625 0.849162 0.643750 0.854749 0.650000 0.849162 0.656250 0.849162 0.659375 0.854749 0.668750 0.843575 0.668750 0.832402 0.665625 0.826816 0.668750 0.810056 0.662500 0.798883 0.665625 0.793296 0.678125 0.787709 0.681250 0.793296 0.696875 0.793296 0.700000 0.798883 0.703125 0.793296 0.718750 0.793296 0.721875 0.787709 0.746875 0.787709 0.750000 0.793296 0.753125 0.787709 0.756250 0.793296 0.771875 0.793296 0.775000 0.787709 0.800000 0.787709 0.803125 0.782123 0.815625 0.782123 0.853125 0.748603 0.859375 0.748603 0.871875 0.731844 0.887500 0.726257 0.896875 0.703911 0.896875 0.687151 0.893750 0.675978 0.884375 0.664804 0.875000 0.664804 0.871875 0.659218 0.831250 0.659218 0.828125 0.653631 0.818750 0.653631 0.806250 0.642458 0.784375 0.636872 0.765625 0.620112 0.756250 0.620112 0.718750 0.586592 0.715625 0.581006 0.715625 0.564246 0.706250 0.547486 0.696875 0.547486 0.693750 0.541899 0.681250 0.541899 0.678125 0.547486 0.640625 0.547486 0.637500 0.541899 0.628125 0.541899 0.625000 0.536313 0.618750 0.536313 0.606250 0.525140 0.603125 0.530726 0.590625 0.530726 0.587500 0.525140 0.568750 0.525140 0.559375 0.513966 0.546875 0.519553 0.543750 0.513966 0.537500 0.513966 0.534375 0.508380 0.521875 0.508380 0.518750 0.502793 0.506250 0.502793 0.503125 0.508380 0.468750 0.508380 0.465625 0.502793 0.440625 0.502793 0.437500 0.497207 0.390625 0.491620 0.387500 0.486034 0.375000 0.486034 0.371875 0.480447 0.365625 0.486034 0.359375 0.486034 0.356250 0.480447
0 0.609375 0.340782 0.612500 0.346369 0.631250 0.351955 0.640625 0.368715 0.640625 0.379888 0.643750 0.385475 0.640625 0.396648 0.618750 0.430168 0.625000 0.430168 0.628125 0.435754 0.643750 0.435754 0.646875 0.441341 0.671875 0.441341 0.675000 0.446927 0.681250 0.446927 0.684375 0.452514 0.709375 0.463687 0.718750 0.474860 0.725000 0.469274 0.743750 0.474860 0.750000 0.486034 0.753125 0.486034 0.759375 0.502793 0.759375 0.513966 0.753125 0.525140 0.753125 0.541899 0.759375 0.536313 0.800000 0.536313 0.803125 0.530726 0.840625 0.525140 0.846875 0.519553 0.859375 0.497207 0.862500 0.497207 0.868750 0.474860 0.868750 0.458101 0.862500 0.446927 0.850000 0.435754 0.812500 0.430168 0.787500 0.407821 0.775000 0.407821 0.771875 0.402235 0.762500 0.402235 0.759375 0.396648 0.746875 0.396648 0.731250 0.379888 0.728125 0.368715 0.728125 0.351955 0.718750 0.340782
0 0.028125 0.910615 0.031250 0.927374 0.037500 0.927374 0.040625 0.938547 0.046875 0.944134 0.046875 0.955307 0.053125 0.960894 0.050000 0.966480 0.053125 0.977654 0.059375 0.977654 0.062500 0.972067 0.068750 0.977654 0.071875 0.972067 0.090625 0.972067 0.096875 0.983240 0.106250 0.983240 0.109375 0.988827 0.109375 0.972067 0.112500 0.966480 0.118750 0.966480 0.121875 0.972067 0.121875 0.966480 0.112500 0.966480 0.109375 0.960894 0.093750 0.960894 0.090625 0.966480 0.087500 0.960894 0.087500 0.949721 0.075000 0.949721 0.068750 0.927374 0.065625 0.932961 0.059375 0.921788 0.037500 0.927374 0.000000 0.581006 0.000000 0.653631 0.003125 0.659218 0.000000 0.681564 0.003125 0.687151 0.012500 0.687151 0.021875 0.698324 0.028125 0.698324 0.043750 0.726257 0.043750 0.743017 0.046875 0.748603 0.046875 0.776536 0.043750 0.782123 0.040625 0.826816 0.037500 0.832402 0.043750 0.843575 0.034375 0.865922 0.025000 0.860335 0.025000 0.865922 0.018750 0.871508 0.018750 0.882682 0.025000 0.882682 0.031250 0.893855 0.040625 0.893855 0.056250 0.910615 0.075000 0.916201 0.078125 0.921788 0.087500 0.921788 0.090625 0.927374 0.118750 0.927374 0.128125 0.938547 0.140625 0.938547 0.146875 0.927374 0.153125 0.927374 0.153125 0.916201 0.162500 0.899441 0.171875 0.899441 0.175000 0.893855 0.181250 0.899441 0.200000 0.899441 0.203125 0.893855 0.284375 0.893855 0.287500 0.888268 0.312500 0.888268 0.315625 0.882682 0.328125 0.882682 0.331250 0.877095 0.340625 0.877095 0.353125 0.865922 0.368750 0.865922 0.371875 0.860335 0.381250 0.860335 0.384375 0.854749 0.406250 0.854749 0.418750 0.843575 0.434375 0.843575 0.437500 0.837989 0.462500 0.832402 0.465625 0.826816 0.475000 0.826816 0.484375 0.815642 0.490625 0.815642 0.496875 0.804469 0.518750 0.782123 0.528125 0.765363 0.528125 0.743017 0.525000 0.731844 0.509375 0.709497 0.503125 0.709497 0.500000 0.703911 0.481250 0.703911 0.471875 0.715084 0.440625 0.715084 0.437500 0.709497 0.425000 0.709497 0.421875 0.703911 0.412500 0.703911 0.409375 0.698324 0.375000 0.692737 0.371875 0.687151 0.362500 0.687151 0.359375 0.681564 0.331250 0.681564 0.328125 0.675978 0.321875 0.675978 0.312500 0.664804 0.306250 0.664804 0.293750 0.653631 0.268750 0.603352 0.262500 0.603352 0.259375 0.597765 0.221875 0.597765 0.218750 0.603352 0.187500 0.597765 0.184375 0.603352 0.171875 0.603352 0.159375 0.592179 0.143750 0.592179 0.134375 0.603352 0.118750 0.603352 0.115625 0.597765 0.106250 0.597765 0.103125 0.592179 0.100000 0.597765 0.084375 0.597765 0.075000 0.586592 0.053125 0.592179 0.040625 0.581006 0.018750 0.581006 0.015625 0.575419